Image_ID,class,confidence,xmin,ymin,xmax,ymax
id_128pxx.jpg,Tomato_Septoria,0.6106911,949.6805,642.7135,1023.11957,709.28656
id_128pxx.jpg,Tomato_Early_Blight,0.57570964,1057.2457,53.155567,1109.1543,96.14443
id_128pxx.jpg,Tomato_Septoria,0.45740306,886.75665,707.9754,953.24335,791.2246
id_128pxx.jpg,Tomato_Septoria,0.4421557,918.09094,669.97577,950.7091,703.6242
id_128pxx.jpg,Tomato_Septoria,0.2722542,782.5644,627.6532,839.03564,690.7468
id_128pxx.jpg,Tomato_Septoria,0.21880521,949.70526,760.3341,1027.8948,961.2659
id_128pxx.jpg,Tomato_Septoria,0.17617717,863.2344,721.038,885.5656,747.762
id_128pxx.jpg,Tomato_Septoria,0.09070494,469.9733,7.982776,535.6267,46.967224
id_128pxx.jpg,Tomato_Early_Blight,0.083959065,1250.7468,73.42338,1294.8533,114.876625
id_12jbci.jpg,Corn_Streak,0.88959616,247.98782,19.686005,393.41223,114.864006
id_12jbci.jpg,Corn_Streak,0.87190205,300.45386,402.77997,381.14618,478.02005
id_12jbci.jpg,Corn_Streak,0.8563061,282.72525,315.00177,391.07477,383.39825
id_12jbci.jpg,Corn_Streak,0.8276244,246.89844,139.16736,401.1016,231.63266
id_12jbci.jpg,Corn_Streak,0.7453869,266.87552,232.54141,396.72452,297.2586
id_12jbci.jpg,Corn_Streak,0.39418334,435.85916,303.3986,488.1409,390.20145
id_12jbci.jpg,Corn_Streak,0.20928042,227.89748,383.02454,290.80255,475.5755
id_12jbci.jpg,Corn_Healthy,0.116799794,492.47372,388.81113,550.92633,473.98892
id_14tfmb.jpg,Pepper_Leaf_Mosaic,0.50284034,3432.961,642.5861,3720.4348,837.6889
id_14tfmb.jpg,Pepper_Leaf_Curl,0.40997598,1470.1633,763.0858,1712.3132,1047.0953
id_14tfmb.jpg,Pepper_Leaf_Mosaic,0.4055563,663.86487,1534.001,858.48035,1719.1616
id_14tfmb.jpg,Pepper_Leaf_Mosaic,0.3460874,3609.034,1002.17163,3858.208,1191.466
id_14tfmb.jpg,Pepper_Leaf_Curl,0.3133376,2017.309,1912.7769,2407.1562,2172.3232
id_14tfmb.jpg,Pepper_Leaf_Mosaic,0.28047067,3725.9688,1507.516,3936.4705,1736.084
id_14tfmb.jpg,Pepper_Bacterial_Spot,0.15747426,862.7974,145.51186,929.37897,211.64752
id_14tfmb.jpg,Pepper_Bacterial_Spot,0.13067633,1451.7688,1214.4254,1502.9779,1267.9996
id_14tfmb.jpg,Pepper_Leaf_Mosaic,0.12244533,2652.5984,1057.5724,2862.6736,1283.3276
id_14tfmb.jpg,Pepper_Fusarium,0.09005504,0.0,483.6874,456.22385,762.30634
id_14tfmb.jpg,Pepper_Fusarium,0.079624616,2016.1871,1515.4084,2320.248,1699.504
id_14tfmb.jpg,Pepper_Leaf_Mosaic,0.07633942,2295.3923,404.01883,2596.015,667.93744
id_14tfmb.jpg,Pepper_Leaf_Mosaic,0.05640181,730.1803,1444.0121,797.906,1512.7129
id_14tfmb.jpg,Pepper_Fusarium,0.053889118,1836.9692,1236.2733,2158.8281,1420.1892
id_14tfmb.jpg,Pepper_Leaf_Mosaic,0.05215036,3229.7214,677.9478,3433.7683,849.1835
id_14tw4o.jpg,Tomato_Early_Blight,0.9482238,2079.4565,1423.3859,2390.9375,1749.4517
id_14tw4o.jpg,Tomato_Early_Blight,0.8696159,1332.2539,1339.6337,1488.534,1592.2289
id_14tw4o.jpg,Tomato_Early_Blight,0.8620009,1708.0204,1530.0708,1815.0941,1669.5417
id_14tw4o.jpg,Tomato_Early_Blight,0.80907774,2531.934,1439.6349,2619.7356,1547.6902
id_14tw4o.jpg,Tomato_Early_Blight,0.6412951,2707.744,1586.9935,2853.4568,1668.0815
id_14tw4o.jpg,Tomato_Early_Blight,0.45223644,2205.1611,1253.2833,2276.715,1338.1542
id_14tw4o.jpg,Tomato_Early_Blight,0.38246754,1900.7003,1330.2312,1982.189,1410.3813
id_14tw4o.jpg,Tomato_Early_Blight,0.34240425,107.09694,598.84753,190.96121,694.95874
id_14tw4o.jpg,Tomato_Early_Blight,0.28461054,1305.2992,1167.0192,1398.7533,1258.0308
id_14tw4o.jpg,Tomato_Early_Blight,0.19766814,1222.1877,1676.8499,1319.2006,1782.8627
id_14tw4o.jpg,Tomato_Early_Blight,0.15486918,646.4388,1353.0631,737.16345,1418.1494
id_14tw4o.jpg,Tomato_Early_Blight,0.13168906,593.69495,1221.6116,765.9861,1352.6134
id_14tw4o.jpg,Tomato_Early_Blight,0.12859565,25.154812,413.17758,167.17165,506.2568
id_14tw4o.jpg,Tomato_Early_Blight,0.12307813,1200.9786,835.62115,1277.2578,909.5351
id_14tw4o.jpg,Tomato_Late_Blight,0.11682273,2859.4636,1373.6749,3088.3037,1495.0751
id_14tw4o.jpg,Tomato_Early_Blight,0.10082546,6.34671,901.5139,597.90283,1303.5986
id_14tw4o.jpg,Tomato_Early_Blight,0.09875093,1686.4923,2665.7207,1823.2262,2811.6794
id_14tw4o.jpg,Tomato_Early_Blight,0.06829765,0.0,713.8194,37.747345,798.96814
id_14tw4o.jpg,Tomato_Septoria,0.053498324,3382.5881,1819.317,3453.1343,1875.633
id_14tw4o.jpg,Tomato_Early_Blight,0.053194065,1410.4425,1586.7234,1502.2029,1668.3516
id_14tw4o.jpg,Tomato_Early_Blight,0.05226518,2500.3489,1836.7329,2693.4224,1984.4421
id_15ozvw.jpg,Pepper_Bacterial_Spot,0.4334062,2072.0461,1495.621,2149.5674,1556.729
id_15ozvw.jpg,Pepper_Bacterial_Spot,0.20693114,2290.5815,2057.4863,2355.8723,2119.4138
id_15ozvw.jpg,Pepper_Bacterial_Spot,0.15984727,1831.2051,1927.4266,2034.4609,2062.0486
id_15ozvw.jpg,Pepper_Fusarium,0.14502352,0.579108,730.47424,781.1657,1155.2507
id_15ozvw.jpg,Pepper_Leaf_Mosaic,0.14033304,1364.7213,1599.4844,1624.4719,1804.7657
id_15ozvw.jpg,Pepper_Leaf_Mosaic,0.12592044,1228.1951,2033.883,1718.8969,2372.517
id_15ozvw.jpg,Pepper_Leaf_Curl,0.10075738,333.4492,2113.4385,641.579,2415.3616
id_15ozvw.jpg,Pepper_Leaf_Mosaic,0.084480934,1774.2852,2199.748,2091.3809,2397.9019
id_15ozvw.jpg,Pepper_Bacterial_Spot,0.065179095,1681.319,1267.5624,1742.2832,1310.4877
id_15ozvw.jpg,Pepper_Leaf_Mosaic,0.06512302,1684.2461,1445.314,1902.0204,1585.9985
id_163zns.jpg,Tomato_Early_Blight,0.64381784,816.38715,637.1328,897.2128,730.8672
id_163zns.jpg,Tomato_Late_Blight,0.5638896,929.8149,588.0135,1078.1852,689.58655
id_163zns.jpg,Tomato_Late_Blight,0.4501829,673.7974,624.1358,742.2026,731.8642
id_163zns.jpg,Tomato_Late_Blight,0.39123353,213.84871,1111.368,260.1513,1213.432
id_163zns.jpg,Tomato_Late_Blight,0.36906514,293.0366,992.5594,515.7634,1245.8407
id_163zns.jpg,Tomato_Late_Blight,0.3671448,925.62726,692.62445,1067.9728,846.5756
id_163zns.jpg,Tomato_Early_Blight,0.27081648,863.24603,746.80414,915.95404,802.79584
id_163zns.jpg,Tomato_Early_Blight,0.2681505,805.5241,478.91122,936.8759,597.8888
id_163zns.jpg,Tomato_Septoria,0.23310678,345.44797,826.1243,436.95206,897.0757
id_163zns.jpg,Tomato_Septoria,0.11252685,522.7735,477.53207,671.6265,648.06793
id_163zns.jpg,Tomato_Septoria,0.081378095,725.74677,320.6965,805.45325,421.70352
id_163zns.jpg,Tomato_Late_Blight,0.064599074,833.9917,845.0874,1116.4083,1022.1126
id_163zns.jpg,Tomato_Late_Blight,0.05996518,557.93976,1061.499,630.06024,1188.101
id_167cbn.jpg,Tomato_Healthy,0.98515654,986.5163,96.815285,1141.4838,271.38474
id_167cbn.jpg,Tomato_Healthy,0.97322434,1138.8207,298.30716,1454.7794,508.89288
id_167cbn.jpg,Tomato_Healthy,0.9580329,1228.7136,0.9605225,1323.2865,110.13948
id_167cbn.jpg,Tomato_Healthy,0.95036364,1699.0225,13.068946,1916.9775,385.13107
id_167cbn.jpg,Tomato_Healthy,0.947175,906.92737,337.20847,982.67267,422.39157
id_167cbn.jpg,Tomato_Healthy,0.92736745,1658.2874,945.60187,1916.1127,1273.5981
id_167cbn.jpg,Tomato_Healthy,0.90766066,1381.4724,665.9824,1672.9277,1004.4176
id_167cbn.jpg,Tomato_Healthy,0.89132994,1553.6111,416.58096,1841.5891,641.81903
id_167cbn.jpg,Tomato_Healthy,0.8792636,1338.0104,0.47971192,1541.9896,126.22029
id_167cbn.jpg,Tomato_Healthy,0.8784779,1796.6276,742.1556,1918.5725,944.24445
id_167cbn.jpg,Tomato_Healthy,0.80418247,818.9732,93.25873,966.6269,331.94125
id_167cbn.jpg,Tomato_Healthy,0.67825377,819.74805,609.61786,1055.452,853.58215
id_167cbn.jpg,Tomato_Healthy,0.44892725,639.61804,513.16876,832.382,668.4313
id_167cbn.jpg,Tomato_Healthy,0.3966098,1431.6216,162.51358,1573.1785,290.28644
id_167cbn.jpg,Tomato_Septoria,0.11692858,1095.684,710.7706,1123.5161,738.0294
id_167cbn.jpg,Tomato_Healthy,0.081101306,953.91516,529.9768,1026.8849,596.4232
id_176skz.jpg,Tomato_Healthy,0.30998117,1173.9884,1283.7732,1590.4994,1549.0217
id_176skz.jpg,Tomato_Leaf_Curl,0.22345062,1635.8663,1149.9918,1986.4827,1458.2083
id_176skz.jpg,Tomato_Leaf_Curl,0.1341035,1343.465,883.0785,1624.0096,1248.1589
id_176skz.jpg,Tomato_Leaf_Curl,0.08940839,969.6348,572.1632,1131.521,792.31177
id_176skz.jpg,Tomato_Leaf_Curl,0.07755422,1592.7626,199.78465,1918.4269,423.28534
